1	100	9.3314	5533.1426	47.3682
1	200	8.4071	2490.1041	46.0750
1	300	7.4681	862.5494	46.4501
1	400	6.4246	337.1599	46.1124
1	500	5.7412	245.3537	47.5178
2	600	5.4831	200.4840	46.7771
2	700	5.2545	158.3014	47.2853
2	800	5.0284	129.6087	46.0219
2	900	4.8668	110.0139	45.6517
2	1000	4.7048	100.8427	45.7222
3	1100	4.5970	90.3015	46.3138
3	1200	4.5060	85.8285	46.1249
3	1300	4.4341	79.2580	46.2385
3	1400	4.3801	74.3351	46.6051
3	1500	4.3229	71.5590	46.3927
4	1600	4.2680	68.4660	46.9194
4	1700	4.1932	66.6186	46.8137
4	1800	4.1797	64.3227	46.4226
4	1900	4.1424	61.0404	47.1422
4	2000	4.1029	60.5455	46.9929
4	2100	4.0696	58.7212	46.9164
5	2200	4.0011	56.4159	46.6465
5	2300	3.9598	55.2429	46.4433
5	2400	3.9543	53.9624	46.3203
5	2500	3.9128	52.3002	46.0147
5	2600	3.9060	51.1656	46.1339
6	2700	3.8439	50.0879	46.1547
6	2800	3.7949	49.9762	46.3117
6	2900	3.7890	49.1885	45.9795
6	3000	3.7888	48.5010	45.3080
6	3100	3.7604	47.5380	45.2990
7	3200	3.7360	46.8124	45.2290
7	3300	3.6633	46.6947	45.9443
7	3400	3.6477	45.8940	46.1768
7	3500	3.6447	46.2408	46.9526
7	3600	3.6250	44.9266	46.4011
7	3700	3.6435	44.0193	46.4888
8	3800	3.5241	44.0039	46.1562
8	3900	3.5266	43.8178	46.1371
8	4000	3.5296	43.4722	46.0430
8	4100	3.5201	42.7239	45.5814
8	4200	3.5057	42.3107	45.9271
9	4300	3.4489	42.6516	45.0722
9	4400	3.3974	42.5317	44.4616
9	4500	3.3906	41.9026	44.8439
9	4600	3.3946	42.1878	45.2870
9	4700	3.4162	41.0189	45.4684
10	4800	3.3764	41.6904	45.2468
10	4900	3.2812	41.7318	45.5183
10	5000	3.2856	41.3248	45.2296
10	5100	3.2947	40.6219	45.1908
10	5200	3.2877	40.9824	45.5779
10	5300	3.2809	40.3340	45.5349
11	5400	3.1749	41.3195	45.7142
11	5500	3.1650	40.4211	46.0433
11	5600	3.1781	40.6281	46.0679
11	5700	3.1676	40.6198	45.8369
11	5800	3.1878	39.9017	46.8939
12	5900	3.0910	41.1388	46.3789
12	6000	3.0580	40.8383	46.4219
12	6100	3.0763	40.4296	45.8504
12	6200	3.0684	40.6014	45.7299
12	6300	3.0623	40.5400	45.2840
13	6400	3.0366	40.5633	45.7346
13	6500	2.9344	41.5015	45.7167
13	6600	2.9605	41.4642	45.9935
13	6700	2.9526	41.2024	45.4913
13	6800	2.9656	41.6934	45.7350
13	6900	2.9492	40.3087	45.5302
14	7000	2.8423	42.1860	46.1017
14	7100	2.8464	42.0229	45.9738
14	7200	2.8465	41.5017	46.2724
14	7300	2.8468	41.8091	45.4704
14	7400	2.8601	41.2575	45.4866
15	7500	2.7645	41.9379	46.6039
15	7600	2.7184	42.5707	46.0384
15	7700	2.7627	42.4068	45.7948
15	7800	2.7527	42.5621	45.6885
15	7900	2.7594	42.2086	46.1164
16	8000	2.7005	43.6622	44.7344
16	8100	2.6275	44.2496	44.9547
16	8200	2.6589	44.3671	44.6217
16	8300	2.6555	44.0646	44.8293
16	8400	2.6604	43.3636	45.0110
